20
220 88
1 8 3 58265
186 75
68 16 539 186
1000000000 100000
999999999 1 999999999 1000000000
110 53
7 7 1 64417
640834505 28785
3 9 1 999946125
714311129 39521
9 5 9 999998192
977365070 59489
8 5 9 999966210
131 74
1 9 10 78736
249718282 93729
1 5 6 999917908
693840425 90561
2 6 7 999957328
164 96
76 2 193 164
198 81
8 5 7 83495
45068754 29153
2 9 5 999904402
497151700 96511
9 7 6 999919625
22 21
1 4 869 22
59 26
14 19 681 59
112 73
1 5 3 64100
46 18
7 11 9 46
1000000000 1
12 7 74 12
66 39
35 2 589 66